# SAMPLE DATA
65800
4300
28200
12901800
194600
272800
390300
656300
73700
29700
42600
122800
66300
83000
384900
38500
122600
28700
6200
341500
5199800
51700
456100
575600
12300
53700
240900
86800
113700
157000
28700
1818800
158600
265300
1415000
565500
228800
148500
130500
16000
286200
55500
289800
81700
86400
7585300
1660500
71000
4800
10200
132500
3031300
37100
11600
2600
60300
7200
2918800
1292100
137800
87800
66800
32100
802000
10000
426600
2788700
6300
64500
664800
57600
38600
700
563900
579800
26200
288200
1014200
392500
99800
938000
112600
71300
41800
26300
116600
2665800
279700
35300
239200
2619300
754900
30700
5000
1559700
132500
199000
2569400
4200
154300
12600
270400
52800
1300
50900
8200
317100
560400
3251700
374800
5931400
277900
798800
1166600
24800
337600
100600
15163500
1151500
81600
399700
253500
6902300
4100
6883900
3321700
1548200
17900
61500
23500
25200
29700
26200
41500
792900
103700
497200
838700
65000
84300
2374100
19100
5218600
1029700
8000
24900
11000
300800
1893800
21500
2700
136300
11100
76500
1900
871700
886600
72100
955700
24600
2475200
259300
159300
10600
4022300
336700
15500
737000
192900
5530300
105000
193400
61500
3200
66500
429000
428100
533500
4700
2051600
7000
10900
200
193500
129400
1110000
61700
6200
103200
3455200
2428900
29300
113200
1353300
168600
9900
475500
8171300
5200
26700
37400
1320100
158100
152400
1326600
100
185000
55500
70800
15000
22200
168100
17200
721300
86200
2342200
170300
6900
489100
136300
363200
4800
3029300
3300
118000
900
52800
100
14700
374400
210200
1998600
91300
8900
763000
166800
33035900
69800
2506800
28900
2200
20000
16000
63200
598900
22237200
8500
1600
269600
115000
99900
2913700
132300
71000
146100
629400
83900
1073800
4796400
1144800
38000
2300
472700
569800
421300
137100
94700
27200
16500
2586400
14100
7400
355700
1942600
614900
19200
156800
4900
68200
63400
12800
24100
1700
21000
1340000
60500
660500
3000
695400
7600
104900
7000
200
93400
184500
1318300
1863600
384700
12800
37000
99600
1924800
3600
26800
9800
93700
796700
37600
25600
2400
42900
8387400
13500
2736000
22000
925800
221800
526700
403900
2800
12700
1499900
189800
200
927800
89500
1300
121300
133300
78600
231900
30700
758800
1499600
10500
581400
29400
107500
207800
2900
3200
11500
2000
90600
109500
17500
97600
55500
82400
26300
164300
51400
13200
1300
100
402700
1106200
68100
11864500
500
2100
14232900
5127300
800
264100
397400
346300
182900
367200
1334600
3700
28700
302100
43800
30400
18100
13000
28000
1629900
107300
9000
775900
10300
166100
8700
200
1800
20500
2123500
156800
27100
17300
79000
11500
17600
119500
22500
451100
32300
11800
795200
854200
599100
7500
41000
113300
236600
1500
220300
7900
13800
3800
22900
70900
26200
10500
13800
98200
367400
322200
633700
866000
19200
5100
7000
1447600
2400
346900
236100
200
481700
372100
61600
7700
474100
103300
33000
287900
58400
604500
616300
45900
300
69400
117600
549900
256000
1714600
151200
15300
287800
68300
33400
77300
48400
201600
6229300
69700
188400
58700
4000
11500
1362000
2695100
24000
3713700
10900
36000
39700
1024400
134200
144100
191700
1516300
1670500
656200
124600
172800
301100
416300
1500
3800
4800
179400
33900
600
96200
132900
59900
212900
340400
60800
68500
17500
40600
100
46100
7200
119800
182300
65000
1203800
182600
369700
49300
97900
58600
49800
1999800
944400
8000
317000
224700
63700
270300
35700
38800
4851800
1058000
77100
2700
1013200
1528800
2600
27500
89700
55700
142700
300
238200
79900
329000
143400
10500
152200
226700
860700
16000
1469000
70400
188700
13013600
24000
55000
11258900
3239600
507800
151300
68000
162000
10000
341300
27600
1800
5400
1300
198800
42100
196200
358100
234500
46100
78300
43200
7300
1005700
29700
5300
106600
5225300
571000
510300
250100
64000
906700
16300
6600
9100
289200
70100
462400
271700
31700
25800
66800
82600
3039800
247400
3000
10500
6200
682300
11400
90100
73600
171700
219500
533000
336600
57800
17700
312300
44500
787700
203100
145900
2173000
1548300
9300
385400
3043700
13800
134800
46800
2567600
16000
12400
136800
36500
163600
451100
507100
45500
452200
9534400
51000
134000
82100
10322600
12600
93500
9600
63000
20700
289400
9700
10100
41012200
54300
151600
139900
143100
2700
98800
1292000
107300
14200
868500
279700
2600
546100
2700
34200
26500
353100
411700
51500
585200
42700
122900
32600
17000
30700
2228900
122800
1851600
2848100
13500
1955100
53500
17200
100600
655100
7000
12300
2600
372500
33000
598200
1900
27900
13800
512500
3100
5300
31000
73500
40000
53800
1109100
61300
53800
5243600
12500
13600
2800
158800
417000
135700
165200
16500
204000
133300
238300
213600
843500
5600
7100
15300
47100
289600
28300
24500
90300
5200
1701200
136500
1708400
298700
582100
132500
109400
1730300
238900
28480200
1092500
396700
8800
6200
21500
1800
21600
41200
489000
192800
33400
31000
27800
27100
2400
414000
2485000
100
700100
5134300
14300
372700
1400
244300
8600
93700
96500
805300
97200
700
65400
127600
8900
3500
29200
4124500
95300
110200
2600
868900
178300
46500
14500
280200
107900
136900
2303100
27785500
7600
1038800
1529500
23200
61500
195200
22800
49100
122700
7812000
17700
163500
789400
78400
1880100
900
1200
16600
7376500
114900
400
404600
7100
2200
16734900
618500
100
10900
7600
6800
1400
2300
347200
50900
61500
78300
28700
18400
19800
23800
211200
200100
23700
3200
239700
4500
301800
77900
56900
11500
20600
1093000
1635700
919100
159700
84700
306700
9700
72200
1672600
248000
45700
12500
14500
2800
23800
13900
1000
33300
700
746400
223700
500
2900
1284900
679200
95600
43100
357800
173600
1382100
2761100
5600
894300
84000
32500
962900
177300
60600
190600
185200
2310200
585700
3085600
43300
678100
815100
142900
8193800
10800
44400
23900
106700
50500
1443300
9100
9800
3777100
16100
19900
5035800
27300
2500
490700
2200
200
311500
73200
826700
43900
101700
2313600
792800
19300
177600
159600
1519500
8344700
26500
561500
406500
303700
1183800
6600
31100
252900
11400
121700
505800
113300
2800
19400
28300
1700
35200
300
24900
2800
9700
12500
1219700
3800
7500
270900
18000
27000
5700
400
18700
28500
179000
1578400
488800
13600
89800
372000
19000
8900
77400
7800
48300
3100
14700
200
122400
121000
2098000
6500
4200
900
30000
153000
229400
534900
470700
17700
675600
29407900
7200
17500
3789800
55100
983200
43400
265000
238500
15100
12400
373300
812900
1272300
12600
33400
43100
2439200
133600
12900
2994200
12700
18500
42100
525800
68000
5100
504100
9300
33300
28800
23900
68600
7900
130200
32800
5000
51600
1251500
3300
13900
27900
9800
21500
686900
835900
1879600
20000
16500
1057200
184700
129600
652000
269000
63000
15700
12600
1179900
12500
63100
435300
126200
5737400
150400
60000
208600
21300
137500
12400
22100
54600
858600
16400
374400
28000
26800
36800
2200
10700
46500
490400
3800
102100
4584900
78000
139800
663200
200
3800
253100
1399700
396500
46400
11700
507100
230800
11515400
22600
138700
478700
38300
84200
179300
1168000
842500
4300
709800
2400
297400
6600
1500
68900
130700
99200
3077400
26500
100
51100
84600
41700
9300
2109000
293300
989700
1600
34900
2500
1766500
46700
499700
29100
365100
259000
16900
2200
16200
16600
2659100
40500
109400
62800
100100
225300
8000
693300
364100
678300
42400
57100
12100
180400
224000
14200
180400
127000
4800
878900
702100
1900
667500
1114600
711900
23100
323900
1615200
5200
20300
56600
2400
214800
18300
19343000
100
5900
2200
129200
28600
1000
4400
4300
5120800
500
17100
3000
52000
182900
24300
74700
274800
43800
140400
14100
2230800
3302400
15700
9100
16100
39100
7000
4230600
99200
197700
500
11100
247800
146200
54800
150600
70300
563900
68900
1031000
1300
1700
27600
307000
6600
658200
21300
434100
314600
162400
60900
3249200
74200
26100
248500
301900
3000
3500
68400
32100
233800
55300
163600
152700
515000
94100
140800
1211900
84900
7200
76900
171200
30400
308500
207100
460400
11500
82000
142300
42100
4400
203700
36400
653800
2300
71300
19300
8800
34300
1195600
105300
640700
161200
157600
200
182300
504800
59700
364100
546100
900
130100
219000
15900
261000
6700
1868600
110100
731400
64200
27700
907000
331000
33200
66000
305400
2825300
215200
21000
6400
6700
36400
1700
14700
167400
3200
8700
2544600
3800
368900
84300
65500
394100
54600
9700
183800
3900
90700
476800
1000
1035100
840700
475900
16600
487800
459900
63100
1979300
3800
990600
46400
152100
166700
484000
18100
1352700
1173200
181900
218500
33100
500
27400
22300
310400
1787600
318500
19700
55960400
400
308600
1722900
9800
109300
112000
9300
275000
85000
232700
32300
18700
105300
143700
299100
194000
807800
91700
674600
26400
400
170800
18100
23000
97500
158100
134400
2100
36000
2911200
1673100
139300
1916300
19400
364800
304700
700
26100
632800
204000
45100
802800
549800
11900
202700
855300
86000
774600
522400
258400
9640500
10600
3900
3475400
1063800
5873100
40100
8300
508500
1700
9000
465600
6095400
2200
36000
31700
391100
1007300
1500
113500
764400
290600
9800
1448600
1406500
35300
400100
136100
7400
104900
125700
51200
122700
8200
137100
2800
810500
55400
69600
42300
7000
1300
190200
39300
700
186200
214800
2129900
1835700
44500
237900
98600
141400
270800
38000
134400
4900
82000
57200
64400
192400
12800
22800
13600
231600
48100
4400
80000
35600
40600
400
89500
31500
2800
499500
59700
500
1244800
68200
51000
39500
16600
4131700
400
1165700
363200
200
67200
56700
176200
37500
68400
2358200
125500
2900
3500
256400
169500
518500
100300
1735900
39300
287200
1284500
4980400
17800
1355600
182400
719600
58700
387200
669900
2931200
3418600
16400
21000
50900
16600
519400
15800
98000
1238600
103900
516200
200
1010000
7600
1234500
593400
94200
50300
110500
100600
570900
113600
58000
259400
1701400
7300
117400
161300
1609800
2200
900
2326700
297800
515100
26900
11400
16200
3700
205500
242900
2859300
33900
12234800
44000
594000
529100
82600
10300
262900
483500
285200
81600
159500
262200
300
68700
356800
3764100
246000
68000
93000
444200
149000
11100
11900
15800
12500
32400
41000
5100
1600
579800
1131300
3731700
102000
395000
24700
451500
211600
962600
117500
113800
491100
7500
63000
1739100
165100
51600
206500
10100
73400
39200
400
648200
1960600
119600
593500
260000
430600
13600
86300
160000
4200
450600
4000
10000
58800
59900
203900
259900
32900
77100
234100
183800
478600
172800
6700
265100
36400
113800
212200
1790500
399500
55500
2300
170700
8600
146400
2800
267800
83100
280400
1800
76500
343000
4200
321500
74000
2974500
2400
5100
161500
571500
43400
31600
8800
6500
1031000
212200
46100
39800
731800
965500
121100
400
200
5803600
156900
1463000
84400
260100
16900
307600
57000
68600
12425500
586700
1000
28700
56100
110953600
480500
4800
8100
1248800
413100
136700
44200
27200
7500
93500
188800
31600
58500
512100
14200
24732600
743700
77300
5049000
170700
853900
2377300
24200
55100
135200
120200
48700
34800
419800
106200
136300
3500
4800
192200
8700
12800
31900
56700
176400
296200
19400
246700
1800
88900
300
200
12900
37100
412500
233900
36600
2294100
112400
2500
570900
62000
31300
99100
2765200
9200
249300
79900
7800
175000
19500
6100
3143800
200
2021100
3905900
99700
24800
7300
63200
170400
1900
1692800
1473800
1300
10300
12600
1643800
21700
334100
73800
200
53400
76000
106100
200
5300
3200
295400
11600
6700
2208100
652400
1000
351400
17200
9000
589300
132600
14000
115700
1300
3774200
241300
853900
312800
1600
154500
300400
3127000
8200
277000
1425500
2011600
1300
26800
128800
14200
2772000
777100
18379900
19400
5000
2216800
231600
900
1133400
768900
1200
120100
2300
160200
1347200
13916200
175500
22200
378400
29600
32900
519100
18700
3000
6900
12500
11300
25400
1519200
32400
811500
191700
248400
312700
141400
3100
119800
12500
194500
589700
142600
5600
1300
39900
100600
134600
677300
117700
31500
160900
7800
4600
8435500
62500
86100
1000
2467300
615400
243000
140100
27800
130700
33600
871000
71100
1401600
46300
49300
59600
43800
28312700
48300
1395100
464800
676300
10600
76500
9000
1500
85000
76400
77900
137800
70700
423800
36900
66000
28300
112200
52900
4800
1000
26800
1529600
4300
1171500
177100
35300
198400
1560500
1000
609900
1047400
221000
403500
24500
1054800
181300
61400
75900
41900
1100
3498300
6036000
1100
3700
2800
13800
62900
800
2174800
4048200
54100
76400
1042900
36000
209700
13800
691500
7600
100100
19900
3107500
4000
19400
122800
179800
1521100
756600
12400
3000
3600
69200
1226900
165800
747600
162600
10500
2700
3600
222200
5600
40400
6400
202300
37600
35500
16300
6100
82600
200
37500
11300
459300
3300
430600
1067800
38100
115100
11800
11000
328100
98000
135900
203800
26400
2654700
34700
16100
1600
71800
1050100
41400
3400
20700
73300
225000
327200
4000
9700
247600
4100
142100
1000
1200
1851800
240200
1000
202400
41800
174200
197100
2500
588600
497600
8100
500
76100
3900
111800
14300
893400
143300
32600
256000
149400
9000
54000
14700
5900
8600
30600
281600
134000
19500
456800
106100
647200
25900
115800
834300
158000
100500
83100
7600
762100
18300
59700
5400
17100
1614900
570800
100100
194600
3333400
209600
120700
125300
600
158400
22200
20600
121000
13000
7000
19800
723500
3200
2025100
6686900
7500
5800
516900
100
30700
10500
109500
7800
2100
33400
76100
21900
9500
20629400
828900
11700
90200
1215800
27400
1291700
488200
66300
28600
622700
25900
77937000
97300
6600
528900
196400
221500
2038100
837600
1900
290400
196400
148400
100
32700
16300
2633200
4100
7900
262700
10900
30600
2700
9800
179700
65900
48200
253500
132400
63600
304700
129700
366000
17800
11900
323700
13100
97700
15200
24900
120500
72600
520100
7000
6675700
7000
100
16400
23600
408200
588500
186400
209100
129400
14665200
561900
143400
324600
12000
20200
41200
938900
3200
7300
45000
60000
29700
2566900
41200
1545500
13000
192900
77300
221600
20400
662600
111400
6600
69600
21800
2400
2507200
16800
1419100
679900
35000
258300
468600
85700
2230800
1252000
7400
5430600
57000
224400
41900
151900
203800
139100
46400
62600
4100
658700
1443800
16500
33100
96000
704600
117300
122200
432800
24300
47000
9800
1238900
4200
4010200
6400
53300
1600900
372600
9500
1978700
10900
1752800
188200
2844800
2100
162200
786600
256600
400
61800
33500
18322500
15000
55800
198800
346000
35200
41200
2600
179500
25000
10700
13500
104600
302200
19600
300300
62800
444700
61800
900
105500
109500
395000
596600
95300
100
1700
209100
47600
1383300
600
11600
804900
367500
3100
171200
1611300
5100
24700
31300
258000
250100
197500
660100
131300
15500
60300
362500
245300
680200
557300
3300
405600
322600
92200
169400
22100
1290200
418300
1200700
19800
85908400
186600
639700
1900
22400
197000
366400
1251100
40000
867300
2400
154500
1085000
539700
81900
86400
17000
4900
2000
724600
77700
116700
873500
525500
41500
698900
183200
163700
95200
489300
159100
12895100
1200
32900
1287700
71600
720600
1179300
900
90900
681500
300
1471600
5600
334600
3627700
2830700
3707300
23100
985500
717600
260400
3377000
121700
148800
8000
159900
15800
200
1700
53500
80400
633000
66900
4292000
206800
64600
700
385300
23300
200
574500
5500
587600
19800
65500
65000
1696200
511600
33300
3635200
508600
35900
411200
43900
9600
76900
4700
9100
134900
2039000
134700
73200
82600
37400
96700
56000
3238900
130000
25600
624100
13700
677900
4537500
4900
276400
1400
40200
60500
119700
1600
49100
15200
100
2600
1500
1900
223900
8504000
83700
19100
155000
1413800
259300
113200
33500
113200
36800
1115800
23700
109000
184400
7300
36000
3963400
319000
488500
789500
8175200
547700
20200
258600
16357700
112900
12300
550700
542600
251100
25800
69400
5900
187500
39300
272800
71300
500
50200
61200
1000
6900
2200
75500
266700
46200
29100
147600
252900
18700
4800
7100
185900
12100
700
154700
11900
7300
987900
176000
118600
900
157000
15100
59000
26500
9735300
2700
485400
1059900
39300
7700
7700
21800
69400
62600
1321100
1274200
20800
211700
2900
47700
2369200
342500
16100
12600
13000
99100
3100
169600
141500
2927800
399400
6587300
541700
326700
15100
44000
104800
1000
781700
114300
32900
350500
11700
300
27200
11900
167300
43300
148700
40200
153800
61400
3637500
296900
952900
288200
5000
14000
9900
302300
145500
44000
597900
110800
550100
630800
27000
292000
18900
2941800
168200
191400
4600
4100
183700
971400
1086000
1010900
28200
48300
642900
4500
27700
203500
1400
4400
2188400
168000
332400
65500
29300
25900
2448200
107900
1203300
217500
172900
1081000
270400
107500
18000
2670600
26700
592000
120200
214500
5200
1400
2400
31900
1400
28400
249300
200
912500
44700
251300
43800
299200
108600
67300
99400
103600
2400
70700
84900
400
11600
208600
96400
55200
168000
699400
100
1400
351300
3600
70500
968300
5800
217200
2247500
1814400
15600
16400
178900
6500
2100
3400
434000
9900
2600
122100
58000
34700
122900
102900
495600
575600
1100
608700
43900
627600
8400
11700
53500
2700
89400
14900
61900
2053000
19600
161600
284000
1392900
4900
8500
8400
9400
486500
114000
100
5200
18800
7200
265700
15900
205900
66300
150200
403600
276100
4700
812900
304200
1900
9100
3434900
184600
152000
9021000
599300
6800
1200
96100
6600
246500
471900
396900
176900
357700
86000
117200
104100
852100
2095400
10500
11100
88300
4505100
387600
507400
11800
45800
505600
12300
48500
10600
315000
59400
2120600
2700
289700
7600
1700
21300
321400
248800
500
14700
416700
406400
6200
6200
339100
1958600
32500
8200
526600
302200
7100
65000
6961400
656100
2000
220700
36300
116800
38800
4459100
10500
1277600
140400
1700
500
13200
5600
43900
1700
454400
70400
47100
1407900
79500
42400
908900
189100
130700
1606300
48200
6500
25400
13700
18300
340500
32500
132400
1160400
1607200
3600
8500
8500
1000
86600
15700
2000
224300
72500
4890400
26200
100
2421800
17000
1581100
1000
2700
2700
4000
3900
5099100
1700
10900
1700
5600
126000
329200
216700
1270500
44600
476800
197100
188000
307900
38700
671600
19200
13700
13413900
856700
14800
5594600
79200
139800
588700
31000
223700
99500
248100
59000
500700
5277900
23000
163900
19000
1607200
373200
33400
200
139500
522300
1300
48300
243500
312900
297400
